"","year","month","avg_rating","no_ratings","avg_rating_owned","avg_rating_not_owned","avg_rating_prev_owned","avg_rating_comment","avg_rating_no_comment","no_ratings_owned","no_ratings_not_owned","no_ratings_prev_owned","no_ratings_comment","no_ratings_no_comment","cum_no_ratings","cum_no_ratings_owned","cum_no_ratings_not_owned","cum_no_ratings_prev_owned","cum_no_ratings_comment","cum_no_ratings_no_comment","cum_avg_rating","cum_avg_rating_owned","cum_avg_rating_not_owned","cum_avg_rating_prev_owned","cum_avg_rating_comment","cum_avg_rating_no_comment","month_after_release"
"1",2004,1,6,1,NA,6,6,6,NA,0,1,1,1,0,1,0,1,1,1,0,6,NA,6,6,6,NA,32
"2",2004,6,7,1,7,NA,NA,7,NA,1,0,0,1,0,2,1,1,1,2,0,6.5,7,6,6,6.5,NA,37
"3",2004,7,8,1,8,NA,NA,8,NA,1,0,0,1,0,3,2,1,1,3,0,7,7.5,6,6,7,NA,38
"4",2004,11,5,1,5,NA,NA,5,NA,1,0,0,1,0,4,3,1,1,4,0,6.5,6.66666666666667,6,6,6.5,NA,42
"5",2004,12,10,1,10,NA,NA,10,NA,1,0,0,1,0,5,4,1,1,5,0,7.2,7.5,6,6,7.2,NA,43
"6",2005,1,6.5,2,NA,6.5,NA,8,5,0,2,0,1,1,7,4,3,1,6,1,7,7.5,6.33333333333333,6,7.33333333333333,5,44
"7",2005,6,7,1,NA,7,7,7,NA,0,1,1,1,0,8,4,4,2,7,1,7,7.5,6.5,6.5,7.28571428571429,5,49
"8",2005,12,6,1,6,NA,NA,NA,6,1,0,0,0,1,9,5,4,2,7,2,6.88888888888889,7.2,6.5,6.5,7.28571428571429,5.5,55
"9",2006,2,7.8,1,NA,7.8,NA,7.8,NA,0,1,0,1,0,10,5,5,2,8,2,6.98,7.2,6.76,6.5,7.35,5.5,57
"10",2006,4,8,1,8,NA,NA,8,NA,1,0,0,1,0,11,6,5,2,9,2,7.07272727272727,7.33333333333333,6.76,6.5,7.42222222222222,5.5,59
"11",2006,11,6,1,NA,6,NA,6,NA,0,1,0,1,0,12,6,6,2,10,2,6.98333333333333,7.33333333333333,6.63333333333333,6.5,7.28,5.5,66
"12",2006,12,6,1,NA,6,NA,6,NA,0,1,0,1,0,13,6,7,2,11,2,6.90769230769231,7.33333333333333,6.54285714285714,6.5,7.16363636363636,5.5,67
"13",2007,1,6.7,5,7.5,6.5,7,5,7.125,1,4,1,1,4,18,7,11,3,12,6,6.85,7.35714285714286,6.52727272727273,6.66666666666667,6.98333333333333,6.58333333333333,68
"14",2007,4,6.33333333333333,3,6,7,NA,7,6,2,1,0,1,2,21,9,12,3,13,8,6.77619047619048,7.05555555555556,6.56666666666667,6.66666666666667,6.98461538461538,6.4375,71
"15",2007,5,5,1,NA,5,NA,NA,5,0,1,0,0,1,22,9,13,3,13,9,6.69545454545455,7.05555555555556,6.44615384615385,6.66666666666667,6.98461538461538,6.27777777777778,72
"16",2007,7,7,3,7,NA,NA,8,6.5,3,0,0,1,2,25,12,13,3,14,11,6.732,7.04166666666667,6.44615384615385,6.66666666666667,7.05714285714286,6.31818181818182,74
"17",2007,8,5.5,1,5.5,NA,NA,5.5,NA,1,0,0,1,0,26,13,13,3,15,11,6.68461538461538,6.92307692307692,6.44615384615385,6.66666666666667,6.95333333333333,6.31818181818182,75
"18",2007,9,6,1,6,NA,NA,6,NA,1,0,0,1,0,27,14,13,3,16,11,6.65925925925926,6.85714285714286,6.44615384615385,6.66666666666667,6.89375,6.31818181818182,76
"19",2007,10,8,1,8,NA,NA,8,NA,1,0,0,1,0,28,15,13,3,17,11,6.70714285714286,6.93333333333333,6.44615384615385,6.66666666666667,6.95882352941176,6.31818181818182,77
"20",2007,11,6,2,6,NA,NA,6,6,2,0,0,1,1,30,17,13,3,18,12,6.66,6.82352941176471,6.44615384615385,6.66666666666667,6.90555555555556,6.29166666666667,78
"21",2007,12,5.75,4,6,5.66666666666667,6,6.5,5,1,3,1,2,2,34,18,16,4,20,14,6.55294117647059,6.77777777777778,6.3,6.5,6.865,6.10714285714286,79
"22",2008,1,6.5,2,6.5,NA,NA,NA,6.5,2,0,0,0,2,36,20,16,4,20,16,6.55,6.75,6.3,6.5,6.865,6.15625,80
"23",2008,2,7.16666666666667,3,NA,7.16666666666667,NA,NA,7.16666666666667,0,3,0,0,3,39,20,19,4,20,19,6.5974358974359,6.75,6.43684210526316,6.5,6.865,6.31578947368421,81
"24",2008,3,5.75,2,6.5,5,NA,6.5,5,1,1,0,1,1,41,21,20,4,21,20,6.55609756097561,6.73809523809524,6.365,6.5,6.84761904761905,6.25,82
"25",2008,4,7.66666666666667,3,8,7.5,7.5,8,7,1,2,2,2,1,44,22,22,6,23,21,6.63181818181818,6.79545454545455,6.46818181818182,6.83333333333333,6.94782608695652,6.28571428571429,83
"26",2008,5,6.75,2,6.5,7,NA,7,6.5,1,1,0,1,1,46,23,23,6,24,22,6.63695652173913,6.78260869565217,6.49130434782609,6.83333333333333,6.95,6.29545454545455,84
"27",2008,6,7,2,6,8,NA,8,6,1,1,0,1,1,48,24,24,6,25,23,6.65208333333333,6.75,6.55416666666667,6.83333333333333,6.992,6.28260869565217,85
"28",2008,7,7,1,7,NA,NA,NA,7,1,0,0,0,1,49,25,24,6,25,24,6.65918367346939,6.76,6.55416666666667,6.83333333333333,6.992,6.3125,86
"29",2008,9,6,1,NA,6,NA,NA,6,0,1,0,0,1,50,25,25,6,25,25,6.646,6.76,6.532,6.83333333333333,6.992,6.3,88
"30",2008,10,6.66666666666667,3,7,6,6,6.66666666666667,NA,2,1,1,3,0,53,27,26,7,28,25,6.64716981132076,6.77777777777778,6.51153846153846,6.71428571428571,6.95714285714286,6.3,89
"31",2008,11,6.1,10,7.375,5.25,7,6.5,5.5,4,6,1,6,4,63,31,32,8,34,29,6.56031746031746,6.85483870967742,6.275,6.75,6.87647058823529,6.18965517241379,90
"32",2008,12,4.7,5,7,3.16666666666667,5.5,2,5.375,2,3,1,1,4,68,33,35,9,35,33,6.42352941176471,6.86363636363636,6.00857142857143,6.61111111111111,6.73714285714286,6.09090909090909,91
"33",2009,1,6.85,4,8.45,5.25,5,7.46666666666667,5,2,2,1,3,1,72,35,37,10,38,34,6.44722222222222,6.95428571428571,5.96756756756757,6.45,6.79473684210526,6.05882352941176,92
"34",2009,2,7,2,7,7,7,7,7,1,1,1,1,1,74,36,38,11,39,35,6.46216216216216,6.95555555555556,5.99473684210526,6.5,6.8,6.08571428571429,93
"35",2009,3,7,2,7,NA,NA,NA,7,2,0,0,0,2,76,38,38,11,39,37,6.47631578947368,6.9578947368421,5.99473684210526,6.5,6.8,6.13513513513514,94
"36",2009,4,5.4,5,6,5.25,NA,4.5,6,1,4,0,2,3,81,39,42,11,41,40,6.40987654320988,6.93333333333333,5.92380952380952,6.5,6.68780487804878,6.125,95
"37",2009,5,6.125,4,5.5,6.75,6.75,6,6.25,2,2,2,2,2,85,41,44,13,43,42,6.3964705882353,6.86341463414634,5.96136363636364,6.53846153846154,6.65581395348837,6.13095238095238,96
"38",2009,6,5,2,7,3,3,NA,5,1,1,1,0,2,87,42,45,14,43,44,6.36436781609195,6.86666666666667,5.89555555555556,6.28571428571429,6.65581395348837,6.07954545454545,97
"39",2009,7,6.33333333333333,3,6.33333333333333,NA,5,6.33333333333333,NA,3,0,1,3,0,90,45,45,15,46,44,6.36333333333333,6.83111111111111,5.89555555555556,6.2,6.63478260869565,6.07954545454545,98
"40",2009,8,6.4,5,5,6.75,7,6.5,6,1,4,2,4,1,95,46,49,17,50,45,6.36526315789474,6.79130434782609,5.96530612244898,6.29411764705882,6.624,6.07777777777778,99
"41",2009,9,6.4,5,6,6.5,6,NA,6.4,1,4,1,0,5,100,47,53,18,50,50,6.367,6.77446808510638,6.00566037735849,6.27777777777778,6.624,6.11,100
"42",2009,10,5.5,5,5.5,5.5,7,6.33333333333333,4.25,1,4,1,3,2,105,48,57,19,53,52,6.32571428571429,6.74791666666667,5.97017543859649,6.31578947368421,6.60754716981132,6.03846153846154,101
"43",2009,11,6,2,NA,6,6,NA,6,0,2,2,0,2,107,48,59,21,53,54,6.3196261682243,6.74791666666667,5.97118644067797,6.28571428571429,6.60754716981132,6.03703703703704,102
"44",2009,12,6.1875,8,7.16666666666667,5.6,5.25,5,6.35714285714286,3,5,2,1,7,115,51,64,23,54,61,6.3104347826087,6.77254901960784,5.9421875,6.19565217391304,6.57777777777778,6.07377049180328,103
"45",2010,1,5.75,4,5.66666666666667,6,NA,6,5.66666666666667,3,1,0,1,3,119,54,65,23,55,64,6.29159663865546,6.71111111111111,5.94307692307692,6.19565217391304,6.56727272727273,6.0546875,104
"46",2010,2,6,2,6,NA,NA,7,5,2,0,0,1,1,121,56,65,23,56,65,6.28677685950413,6.68571428571429,5.94307692307692,6.19565217391304,6.575,6.03846153846154,105
"47",2010,3,6.375,4,6.5,6,NA,NA,6.375,3,1,0,0,4,125,59,66,23,56,69,6.2896,6.67627118644068,5.94393939393939,6.19565217391304,6.575,6.05797101449275,106
"48",2010,4,6,4,6,6,6,6,6,2,2,1,1,3,129,61,68,24,57,72,6.28062015503876,6.65409836065574,5.94558823529412,6.1875,6.56491228070175,6.05555555555556,107
"49",2010,5,6.33333333333333,3,7,6,NA,6.5,6,1,2,0,2,1,132,62,70,24,59,73,6.28181818181818,6.65967741935484,5.94714285714286,6.1875,6.56271186440678,6.05479452054795,108
"50",2010,6,5,2,6,4,4,4,6,1,1,1,1,1,134,63,71,25,60,74,6.26268656716418,6.64920634920635,5.91971830985915,6.1,6.52,6.05405405405405,109
"51",2010,7,6.5,2,6.5,NA,NA,NA,6.5,2,0,0,0,2,136,65,71,25,60,76,6.26617647058824,6.64461538461538,5.91971830985915,6.1,6.52,6.06578947368421,110
"52",2010,8,7,4,7.66666666666667,5,5,NA,7,3,1,1,0,4,140,68,72,26,60,80,6.28714285714286,6.68970588235294,5.90694444444444,6.05769230769231,6.52,6.1125,111
"53",2010,9,5.91666666666667,6,6.25,5.25,NA,5.83333333333333,6,4,2,0,3,3,146,72,74,26,63,83,6.27191780821918,6.66527777777778,5.88918918918919,6.05769230769231,6.48730158730159,6.10843373493976,112
"54",2010,10,6.65375,8,6.4,7.07666666666667,6.23,7.5,6.37166666666667,5,3,1,2,6,154,77,77,27,65,89,6.29175324675325,6.64805194805195,5.93545454545455,6.06407407407407,6.51846153846154,6.1261797752809,113
"55",2010,11,6.66666666666667,6,7.125,5.75,NA,7,6.6,4,2,0,1,5,160,81,79,27,66,94,6.3058125,6.6716049382716,5.93075949367089,6.06407407407407,6.52575757575758,6.1513829787234,114
"56",2010,12,6.125,4,6.33333333333333,5.5,NA,5.75,6.5,3,1,0,2,2,164,84,80,27,68,96,6.30140243902439,6.65952380952381,5.925375,6.06407407407407,6.50294117647059,6.15864583333333,115
"57",2011,1,7.5,5,7.5,7.5,NA,8,7.375,4,1,0,1,4,169,88,81,27,69,100,6.33686390532544,6.69772727272727,5.94481481481482,6.06407407407407,6.52463768115942,6.2073,116
"58",2011,2,6.25,2,6.25,NA,NA,5,7.5,2,0,0,1,1,171,90,81,27,70,101,6.33584795321637,6.68777777777778,5.94481481481482,6.06407407407407,6.50285714285714,6.22009900990099,117
"59",2011,3,6.66666666666667,3,6.5,7,7,6.5,7,2,1,1,2,1,174,92,82,28,72,102,6.34155172413793,6.68369565217391,5.95768292682927,6.0975,6.50277777777778,6.22774509803921,118
"60",2011,4,7,4,7.5,6.5,6,7,7,2,2,1,2,2,178,94,84,29,74,104,6.35634831460674,6.70106382978723,5.97059523809524,6.09413793103448,6.51621621621622,6.24259615384615,119
"61",2011,5,6.6,5,6.6,NA,NA,6.5,6.66666666666667,5,0,0,2,3,183,99,84,29,76,107,6.36300546448087,6.6959595959596,5.97059523809524,6.09413793103448,6.51578947368421,6.25448598130841,120
"62",2011,6,6.5,3,6.5,NA,NA,8,5.75,3,0,0,1,2,186,102,84,29,77,109,6.36521505376344,6.69019607843137,5.97059523809524,6.09413793103448,6.53506493506494,6.24522935779816,121
"63",2011,7,5,2,6,4,NA,6,4,1,1,0,1,1,188,103,85,29,78,110,6.3506914893617,6.68349514563107,5.94741176470588,6.09413793103448,6.52820512820513,6.22481818181818,122
"64",2011,8,8,3,8,NA,NA,8,8,3,0,0,1,2,191,106,85,29,79,112,6.37659685863874,6.72075471698113,5.94741176470588,6.09413793103448,6.54683544303797,6.25651785714286,123
"65",2011,9,6,2,NA,6,6.5,NA,6,0,2,1,0,2,193,106,87,30,79,114,6.37269430051813,6.72075471698113,5.94862068965517,6.10766666666667,6.54683544303797,6.25201754385965,124
"66",2011,10,5.5,3,5.25,6,NA,NA,5.5,2,1,0,0,3,196,108,88,30,79,117,6.35933673469388,6.69351851851852,5.94920454545455,6.10766666666667,6.54683544303797,6.23273504273504,125
"67",2011,11,6.53571428571429,7,6.375,6.6,7,7,6.45833333333333,2,5,1,1,6,203,110,93,31,80,123,6.36541871921182,6.68772727272727,5.9841935483871,6.13645161290323,6.5525,6.24373983739837,126
"68",2011,12,6.7,5,6.7,NA,NA,7.5,6.16666666666667,5,0,0,2,3,208,115,93,31,82,126,6.37346153846154,6.68826086956522,5.9841935483871,6.13645161290323,6.57560975609756,6.24190476190476,127
"69",2012,1,7.42857142857143,7,7.6,7,7,8,7.2,5,2,1,2,5,215,120,95,32,84,131,6.40781395348837,6.72625,6.00557894736842,6.1634375,6.60952380952381,6.27847328244275,128
"70",2012,2,7.14285714285714,7,7.25,6.5,6.5,7,7.16666666666667,6,1,1,1,6,222,126,96,33,85,137,6.43099099099099,6.75119047619048,6.01072916666667,6.17363636363636,6.61411764705882,6.31737226277372,129
"71",2012,3,6.1,5,6.75,5.66666666666667,5.5,6,6.125,2,3,2,1,4,227,128,99,35,86,141,6.42370044052863,6.751171875,6.00030303030303,6.13514285714286,6.60697674418605,6.31191489361702,130
"72",2012,4,6,4,6,NA,NA,NA,6,4,0,0,0,4,231,132,99,35,86,145,6.41636363636364,6.72840909090909,6.00030303030303,6.13514285714286,6.60697674418605,6.30331034482758,131
"73",2012,5,6.5,5,7,6.16666666666667,6.5,6.5,6.5,2,3,1,1,4,236,134,102,36,87,149,6.41813559322034,6.73246268656716,6.00519607843137,6.14527777777778,6.60574712643678,6.30859060402684,132
"74",2012,6,6.5,4,8,6,6,7,6,1,3,2,2,2,240,135,105,38,89,151,6.4195,6.74185185185185,6.00504761904762,6.13763157894737,6.61460674157303,6.30450331125828,133
"75",2012,7,6.5,6,7,6.4,7,6,6.75,1,5,1,2,4,246,136,110,39,91,155,6.42146341463415,6.74375,6.023,6.15974358974359,6.6010989010989,6.316,134
"76",2012,8,6.45833333333333,6,6.45833333333333,NA,NA,6.75,6.4,6,0,0,1,5,252,142,110,39,92,160,6.42234126984127,6.73169014084507,6.023,6.15974358974359,6.60271739130435,6.318625,135
"77",2012,9,6.33333333333333,6,6.5,6,6,7,6,4,2,1,2,4,258,146,112,40,94,164,6.42027131782946,6.72534246575342,6.02258928571429,6.15575,6.61117021276596,6.31085365853658,136
"78",2012,10,6,2,6,6,NA,NA,6,1,1,0,0,2,260,147,113,40,94,166,6.41703846153846,6.72040816326531,6.02238938053097,6.15575,6.61117021276596,6.30710843373494,137
"79",2012,11,6.875,8,7.33333333333333,6.6,7,7,6.83333333333333,3,5,1,2,6,268,150,118,41,96,172,6.43070895522388,6.73266666666667,6.04686440677966,6.17634146341463,6.61927083333333,6.32546511627907,138
"80",2012,12,5.95,10,6.25,5.75,6.375,6.66666666666667,5.64285714285714,4,6,4,3,7,278,154,124,45,99,179,6.41341726618705,6.72012987012987,6.0325,6.194,6.62070707070707,6.29877094972067,139
"81",2013,1,6.5,3,7.25,5,5,7.25,5,2,1,1,2,1,281,156,125,46,101,180,6.41434163701068,6.72692307692308,6.02424,6.16804347826087,6.63316831683168,6.29155555555555,140
"82",2013,2,6,3,6,NA,NA,6,6,3,0,0,1,2,284,159,125,46,102,182,6.40996478873239,6.71320754716981,6.02424,6.16804347826087,6.62696078431373,6.28835164835165,141
"83",2013,3,6.875,4,7,6.5,6.5,7.5,6.25,3,1,1,2,2,288,162,126,47,104,184,6.41642361111111,6.71851851851852,6.02801587301587,6.17510638297872,6.64375,6.28793478260869,142
"84",2013,4,7.5,2,NA,7.5,NA,7,8,0,2,0,1,1,290,162,128,47,105,185,6.42389655172414,6.71851851851852,6.051015625,6.17510638297872,6.64714285714286,6.29718918918919,143
"85",2013,5,5.86,5,7.15,5,NA,5,6.43333333333333,2,3,0,2,3,295,164,131,47,107,188,6.41433898305085,6.72378048780488,6.0269465648855,6.17510638297872,6.61635514018692,6.29936170212766,144
"86",2013,7,6,10,6.5,5.25,NA,6,6,6,4,0,2,8,305,170,135,47,109,196,6.40075409836066,6.71588235294118,6.00392592592593,6.17510638297872,6.60504587155963,6.28714285714286,146
"87",2013,8,6.83333333333333,6,6.8,7,7,6.5,7,5,1,1,2,4,311,175,136,48,111,200,6.40909967845659,6.71828571428571,6.01125,6.19229166666667,6.60315315315315,6.3014,147
"88",2013,9,7,4,7.33333333333333,6,6,7,7,3,1,1,2,2,315,178,137,49,113,202,6.41660317460317,6.72865168539326,6.01116788321168,6.18836734693878,6.61017699115044,6.30831683168317,148
"89",2013,10,6.3,10,6.57142857142857,5.66666666666667,6,6.5,6.25,7,3,1,2,8,325,185,140,50,115,210,6.41301538461538,6.7227027027027,6.00378571428571,6.1846,6.60826086956522,6.30609523809524,149
"90",2013,11,6.89285714285714,14,7.28571428571429,6.5,5,6.66666666666667,6.95454545454545,7,7,1,3,11,339,192,147,51,118,221,6.43283185840708,6.74322916666667,6.0274149659864,6.16137254901961,6.60974576271186,6.33837104072398,150
"91",2013,12,6.66666666666667,12,6.9,6.2,6.16666666666667,6.35,6.73,8,4,3,2,10,351,200,151,54,120,231,6.44082621082621,6.7495,6.03198675496689,6.16166666666667,6.60541666666667,6.35532467532467,151
"92",2014,1,6.76923076923077,13,6.8125,6.7,6,5.875,7.16666666666667,8,5,3,4,9,364,208,156,57,124,240,6.45255494505495,6.75192307692308,6.05339743589744,6.15315789473684,6.58185483870968,6.38575,152
"93",2014,2,6.36666666666667,9,6.8,5.825,5.4,5.93333333333333,6.58333333333333,5,4,2,3,6,373,213,160,59,127,246,6.45048257372654,6.75305164319249,6.0476875,6.12762711864407,6.56653543307087,6.39056910569106,153
"94",2014,3,6.65,10,7.33333333333333,5.625,6,6.35714285714286,7.33333333333333,6,4,1,7,3,383,219,164,60,134,249,6.45569190600522,6.7689497716895,6.03737804878049,6.1255,6.55559701492537,6.40192771084337,154
"95",2014,4,7,9,7,7,7,7.5,6.85714285714286,7,2,2,2,7,392,226,166,62,136,256,6.4681887755102,6.77610619469027,6.04897590361446,6.15370967741936,6.56948529411765,6.414375,155
"96",2014,5,6.6875,8,7.07142857142857,4,4,NA,6.6875,7,1,1,0,8,400,233,167,63,136,264,6.472575,6.78497854077253,6.03670658682635,6.11952380952381,6.56948529411765,6.42265151515151,156
"97",2014,6,7,5,7.33333333333333,6.5,6.5,NA,7,3,2,2,0,5,405,236,169,65,136,269,6.47908641975309,6.79194915254237,6.04218934911243,6.13123076923077,6.56948529411765,6.43338289962825,157
"98",2014,7,7,7,7.33333333333333,5,NA,6.5,7.2,6,1,0,2,5,412,242,170,65,138,274,6.48793689320388,6.80537190082645,6.03605882352941,6.13123076923077,6.56847826086957,6.44737226277372,158
"99",2014,8,6.48333333333333,6,7.13333333333333,5.83333333333333,6.25,6.5,6.45,3,3,2,4,2,418,245,173,67,142,276,6.48787081339713,6.80938775510204,6.03254335260116,6.13477611940299,6.56654929577465,6.44739130434783,159
"100",2014,9,6.66666666666667,9,6.57142857142857,7,7,7,6.625,7,2,1,1,8,427,252,175,68,143,284,6.4916393442623,6.80277777777778,6.0436,6.1475,6.56958041958042,6.45239436619718,160
"101",2014,10,6.9,8,7.04,6.66666666666667,NA,6.8,7,5,3,0,4,4,435,257,178,68,147,288,6.49914942528736,6.80739299610895,6.05410112359551,6.1475,6.57585034013605,6.46,161
"102",2014,11,5.5,8,6,4.66666666666667,NA,5.4,5.66666666666667,5,3,0,5,3,443,262,181,68,152,291,6.48110609480813,6.79198473282443,6.03110497237569,6.1475,6.53717105263158,6.45182130584192,162
"103",2014,12,6.9,15,7.57142857142857,6.3125,7.33333333333333,8,6.73076923076923,7,8,3,2,13,458,269,189,71,154,304,6.49482532751092,6.81226765799257,6.04301587301587,6.19760563380282,6.55616883116883,6.46375,163
"104",2015,1,7.09545454545455,11,7.205,6,6,7.1,7.09375,10,1,1,3,8,469,279,190,72,157,312,6.50891257995736,6.82634408602151,6.04278947368421,6.19486111111111,6.56656050955414,6.47990384615385,164
"105",2015,2,7.2,5,7.66666666666667,6.5,6.5,7,7.25,3,2,2,1,4,474,282,192,74,158,316,6.51620253164557,6.83528368794326,6.04755208333333,6.20310810810811,6.56930379746836,6.48965189873418,165
"106",2015,3,7.27777777777778,9,7.875,6.8,6.5,7,7.83333333333333,4,5,4,6,3,483,286,197,78,164,319,6.5303933747412,6.84982517482518,6.06664974619289,6.21833333333333,6.58506097560976,6.50228840125392,166
"107",2015,4,6.09375,8,6.25,5.83333333333333,6.25,6.75,6,5,3,2,1,7,491,291,200,80,165,326,6.52327902240326,6.83951890034364,6.06315,6.219125,6.58606060606061,6.49150306748466,167
"108",2015,5,6.6,15,6.72727272727273,6.25,6.5,6.5,6.61538461538461,11,4,2,2,13,506,302,204,82,167,339,6.5255533596838,6.83543046357616,6.0668137254902,6.2259756097561,6.58502994011976,6.49625368731564,168
"109",2015,6,7.43181818181818,11,7.28125,7.83333333333333,7.25,8,7.30555555555556,8,3,2,2,9,517,310,207,84,169,348,6.54483558994197,6.84693548387097,6.0924154589372,6.25035714285714,6.60177514792899,6.51718390804598,169
"110",2015,7,6.975,8,7.46666666666667,5.5,NA,6.97142857142857,7,6,2,0,7,1,525,316,209,84,176,349,6.55139047619048,6.85870253164557,6.08674641148325,6.25035714285714,6.61647727272727,6.51856733524355,170
"111",2015,8,7.30909090909091,11,7.26666666666667,7.5,NA,7.16666666666667,7.3625,9,2,0,3,8,536,325,211,84,179,357,6.56694029850746,6.87,6.10014218009479,6.25035714285714,6.62569832402235,6.53747899159664,171
"112",2015,9,6.15,6,6.475,5.5,NA,5.96666666666667,6.33333333333333,4,2,0,3,3,542,329,213,84,182,360,6.56232472324723,6.86519756838906,6.09450704225352,6.25035714285714,6.61483516483517,6.53577777777778,172
"113",2015,10,7.66666666666667,9,7.78571428571429,7.25,7.5,7.83333333333333,7.58333333333333,7,2,1,3,6,551,336,215,85,185,366,6.58036297640653,6.884375,6.10525581395349,6.26505882352941,6.63459459459459,6.55295081967213,173
"114",2015,11,6.42307692307692,13,6.40909090909091,6.5,6,5.5,6.5,11,2,1,1,12,564,347,217,86,186,378,6.57673758865248,6.8693083573487,6.10889400921659,6.26197674418605,6.62849462365591,6.55126984126984,174
"115",2015,12,6.78384615384615,13,6.969,6.16666666666667,6.25,6.2975,7,10,3,2,4,9,577,357,220,88,190,387,6.58140381282496,6.87210084033614,6.10968181818182,6.26170454545455,6.62152631578947,6.56170542635659,175
"116",2016,1,6.91666666666667,15,6.925,6.9,NA,7.1875,6.81818181818182,10,5,0,4,11,592,367,225,88,194,398,6.58989864864865,6.87354223433243,6.12724444444444,6.26170454545455,6.63319587628866,6.56879396984925,176
"117",2016,2,6.9,10,6.9,NA,NA,7,6.875,10,0,0,2,8,602,377,225,88,196,406,6.59504983388704,6.87424403183024,6.12724444444444,6.26170454545455,6.63693877551021,6.5748275862069,177
"118",2016,3,6.85942857142857,14,7.0532,6.375,6.16666666666667,6.78571428571429,6.93314285714286,10,4,3,7,7,616,387,229,91,203,413,6.60105844155844,6.87886821705427,6.13157205240175,6.25857142857143,6.64206896551724,6.58090072639225,178
"119",2016,4,6.71428571428571,7,7,6,NA,6.5,6.8,5,2,0,2,5,623,392,231,91,205,418,6.60233065810594,6.88041326530612,6.1304329004329,6.25857142857143,6.64068292682927,6.58352153110048,179
"120",2016,5,6.6,5,6.6,NA,NA,NA,6.6,5,0,0,0,5,628,397,231,91,205,423,6.60231210191083,6.87688161209068,6.1304329004329,6.25857142857143,6.64068292682927,6.58371631205674,180
"121",2016,6,6.4,20,6.57692307692308,6.07142857142857,6.5,6.4,6.4,13,7,2,5,15,648,410,238,93,210,438,6.59606790123457,6.86737073170732,6.1286974789916,6.26376344086022,6.63495238095238,6.57742465753425,181
"122",2016,7,5.75588235294118,17,5.67857142857143,5.81,5.5,5.75,5.75769230769231,7,10,2,4,13,665,417,248,95,214,451,6.57458947368421,6.84741486810552,6.11584677419355,6.24768421052632,6.61841121495327,6.55379600886918,182
"123",2016,8,6.70588235294118,17,7,5.75,3,7,6.5,13,4,1,7,10,682,430,252,96,221,461,6.57786217008798,6.85202790697675,6.11003968253968,6.21385416666667,6.63049773755656,6.55262906724512,183
"124",2016,9,6.55,10,7.75,5.75,5.5,7,6.4375,4,6,2,2,8,692,434,258,98,223,469,6.57745953757226,6.86030414746544,6.10166666666667,6.19928571428572,6.63381165919283,6.55066524520256,184
"125",2016,10,6.385,20,6.51428571428571,6.08333333333333,6.625,6.53333333333333,6.32142857142857,14,6,4,6,14,712,448,264,102,229,483,6.57205337078652,6.84949107142857,6.10125,6.21598039215686,6.63117903930131,6.54402070393375,185
"126",2016,11,6.76470588235294,17,7,6.33333333333333,8,5.91666666666667,7.22727272727273,11,6,1,6,11,729,459,270,103,235,494,6.57654595336077,6.85309803921569,6.10640740740741,6.23330097087379,6.61293617021277,6.55923481781377,186
"127",2016,12,6.45925925925926,27,6.62666666666667,6.25,6.5,6.625,6.38947368421053,15,12,2,8,19,756,474,282,105,243,513,6.57235714285714,6.84593248945148,6.11251773049645,6.23838095238095,6.61333333333333,6.55294736842105,187
"128",2017,1,6.6654347826087,23,7.05366666666667,5.9375,6,7.10166666666667,6.6,15,8,1,3,20,779,489,290,106,246,533,6.5751052631579,6.85230470347648,6.10768965517241,6.2361320754717,6.61928861788618,6.554712945591,188
"129",2017,2,6.73636363636364,11,6.5125,7.33333333333333,8,6.56666666666667,6.8,8,3,1,3,8,790,497,293,107,249,541,6.57735063291139,6.84683501006036,6.12023890784983,6.25261682242991,6.6186546184739,6.55834011090573,189
"130",2017,3,5.91538461538462,13,5.85714285714286,5.98333333333333,5.96666666666667,6,5.9,7,6,3,2,11,803,504,299,110,251,552,6.56663387297634,6.83308928571429,6.11749163879599,6.24481818181818,6.6137250996016,6.54522101449276,190
"131",2017,4,6.59722222222222,18,6.61363636363636,6.57142857142857,6,6.58333333333333,6.6,11,7,3,3,15,821,515,306,113,254,567,6.56730450669915,6.82840194174757,6.12787581699346,6.2383185840708,6.61336614173228,6.54667019400353,191
"132",2017,5,6.8,10,6.58333333333333,7.125,9,7,6.75,6,4,1,2,8,831,521,310,114,256,575,6.5701046931408,6.82557965451056,6.14074193548387,6.26254385964912,6.61638671875,6.54949913043478,192
"133",2017,6,6.5,19,6.875,5.85714285714286,6,6.92857142857143,6.25,12,7,5,7,12,850,533,317,119,263,587,6.56853764705882,6.82669230769231,6.13447949526814,6.25151260504202,6.6246958174905,6.54337649063033,193
"134",2017,7,7.25,16,7.41666666666667,6.75,6.5,7,7.30769230769231,12,4,2,3,13,866,545,321,121,266,600,6.58112817551963,6.83968256880734,6.14214953271028,6.25561983471075,6.62892857142857,6.55993666666667,194
"135",2017,8,7.125,16,7.18181818181818,7,8.5,7.75,6.91666666666667,11,5,2,4,12,882,556,326,123,270,612,6.59099433106576,6.84645143884892,6.15530674846626,6.29211382113821,6.64553703703704,6.56693137254902,195
"136",2017,9,7.10714285714286,14,7.20833333333333,6.5,NA,6.8,7.27777777777778,12,2,0,5,9,896,568,328,123,275,621,6.59905915178572,6.85409683098592,6.15740853658537,6.29211382113821,6.64834545454546,6.57723349436393,196
"137",2017,10,6.21764705882353,17,6.31333333333333,5.5,NA,6,6.26428571428571,15,2,0,3,14,913,583,330,123,278,635,6.59195728368018,6.84018353344768,6.15342424242424,6.29211382113821,6.64134892086331,6.57033385826772,197
"138",2017,11,6.47368421052632,19,6.3,6.66666666666667,7.5,7,6.33333333333333,10,9,2,4,15,932,593,339,125,282,650,6.58954613733906,6.8310741989882,6.16705014749263,6.31144,6.64643617021277,6.56486461538462,198
"139",2017,12,6.54666666666667,15,6.8,6.16666666666667,5,5.875,6.79090909090909,9,6,2,4,11,947,602,345,127,286,661,6.58886694825766,6.83060963455149,6.16704347826087,6.2907874015748,6.63564685314685,6.56862632375189,199
"140",2018,1,6.85740740740741,27,6.921875,6.76363636363636,7,6.2,7.00681818181818,16,11,1,5,22,974,618,356,128,291,683,6.59631108829569,6.83297249190939,6.18547752808989,6.296328125,6.62816151202749,6.58274084919473,200
"141",2018,2,6.82352941176471,17,6.84615384615385,6.75,6,6.75,6.83333333333333,13,4,1,2,15,991,631,360,129,293,698,6.60020887991927,6.8332440570523,6.19175,6.29403100775194,6.62899317406143,6.58812607449857,201
"142",2018,3,7.354,15,7.63636363636364,6.5775,6,NA,7.354,11,4,1,0,15,1006,642,364,130,293,713,6.61144831013917,6.8470046728972,6.19598901098901,6.29176923076923,6.62899317406143,6.60423842917251,202
"143",2018,4,6.86111111111111,18,7.03846153846154,6.4,6,7,6.82142857142857,13,5,1,4,14,1024,655,369,131,297,727,6.6158369140625,6.85080458015267,6.19875338753388,6.28954198473283,6.6339898989899,6.60842090784044,203
"144",2018,5,6.75,10,6.5625,7.5,NA,NA,6.75,8,2,0,0,10,1034,663,371,131,297,737,6.61713442940039,6.8473257918552,6.20576819407008,6.28954198473283,6.6339898989899,6.61034192672999,204
"145",2018,6,6.23288866666667,15,6.87416625,5.5,5.8,7.5,6.14238071428571,8,7,5,1,14,1049,671,378,136,298,751,6.61163997140133,6.84764579731744,6.19269841269841,6.27154411764706,6.63689597315436,6.60161828229028,205
"146",2018,7,6.94666666666667,15,7.17272727272727,6.325,NA,8,6.78461538461538,11,4,0,2,13,1064,682,382,136,300,764,6.61636309210526,6.85288904692082,6.19408376963351,6.27154411764706,6.64598333333333,6.60473210732984,206
"147",2018,8,6.76438095238095,21,6.91955555555556,5.83333333333333,5,7.1104,6.65625,18,3,1,5,16,1085,700,385,137,305,780,6.61922795391705,6.85460332857143,6.19127272727273,6.26226277372263,6.65359672131148,6.60578888461539,207
"148",2018,9,6.125,12,6.91666666666667,5.33333333333333,5,5,6.22727272727273,6,6,1,1,11,1097,706,391,138,306,791,6.61382163172288,6.85513077903683,6.1781074168798,6.25311594202899,6.64819281045752,6.60052506953224,208
"149",2018,10,6.575,20,7.20833333333333,5.625,5.5,9,6.44736842105263,12,8,2,1,19,1117,718,399,140,307,810,6.61312652641003,6.86103388579387,6.16701754385965,6.24235714285714,6.65585342019544,6.59693250617284,209
"150",2018,11,6.69565217391304,23,6.7,6.6875,7.25,6.8,6.66666666666667,15,8,4,5,18,1140,733,407,144,312,828,6.61479151754386,6.85773851296044,6.17724815724816,6.27034722222222,6.65816346153846,6.59844846618358,210
"151",2018,12,6.47083333333333,24,6.77230769230769,6.11454545454545,5.58666666666667,6,6.51363636363636,13,11,3,2,22,1164,746,418,147,314,850,6.61182330756014,6.85624977211796,6.1755980861244,6.25639455782313,6.65397133757962,6.59625332941177,211
"152",2019,1,6.44714285714286,35,6.41363636363636,7,7,6.66666666666667,6.4265625,33,2,1,3,32,1199,779,420,148,317,882,6.60701612176814,6.8374997817715,6.17952380952381,6.26141891891892,6.65409148264984,6.59009674603175,212
"153",2019,2,6.33333333333333,24,6.8,6,6.1,6.625,6.275,10,14,5,4,20,1223,789,434,153,321,902,6.60164540474244,6.83702449936629,6.17373271889401,6.25614379084968,6.65372897196262,6.58311012195122,213
"154",2019,3,6.63263157894737,19,6.82285714285714,6.1,NA,6,6.66777777777778,14,5,0,1,18,1242,803,439,153,322,920,6.60211942834138,6.83677749688667,6.17289293849658,6.25614379084968,6.65169875776398,6.58476666304348,214
"155",2019,4,6.5,20,6.95833333333333,5.8125,7,NA,6.5,12,8,2,0,20,1262,815,447,155,322,940,6.60050105388273,6.83856727607362,6.16644295302014,6.26574193548387,6.65169875776398,6.58296311702128,215
"156",2019,5,7.03846153846154,13,7.18181818181818,6.25,NA,8,6.75,11,2,0,3,10,1275,826,449,155,325,950,6.60496653333333,6.84313841404358,6.16681514476615,6.26574193548387,6.66414461538462,6.5847214,216
"157",2019,6,6.38888888888889,18,6.61538461538461,5.8,5,5.625,6.60714285714286,13,5,1,4,14,1293,839,454,156,329,964,6.60195849187935,6.83960945172825,6.16277533039648,6.25762820512821,6.65151063829787,6.58504702282158,217
"158",2019,7,6.46181818181818,22,6.86857142857143,5.75,6.75,6.16666666666667,6.50842105263158,14,8,2,3,19,1315,853,462,158,332,983,6.5996139391635,6.84008479484173,6.15562770562771,6.26386075949367,6.64712951807229,6.58356595116989,218
"159",2019,8,5.84615384615385,13,5.75,6.16666666666667,7,3,6.08333333333333,10,3,1,1,12,1328,863,465,159,333,995,6.5922382003012,6.82745345307068,6.15569892473118,6.26849056603774,6.63617717717718,6.57753299497488,219
"160",2019,9,6.26785714285714,28,6.61111111111111,5.65,6.5,6.875,6.16666666666667,18,10,1,4,24,1356,881,475,160,337,1019,6.58554006637168,6.82303329171396,6.14505263157895,6.2699375,6.6390118694362,6.56785606476938,220
"161",2019,10,6.36368421052632,19,6.70625,6.11454545454545,6.85,6.33,6.37571428571429,8,11,2,5,14,1375,889,486,162,342,1033,6.58247442181818,6.82198237345332,6.1443621399177,6.2770987654321,6.63449415204678,6.56525201355276,221
"162",2019,11,6.34090909090909,22,6,7.25,7.25,6.08333333333333,6.4375,16,6,2,6,16,1397,905,492,164,348,1049,6.57867024337867,6.80745008839779,6.15784552845529,6.28896341463415,6.62499137931035,6.56330346043851,222
"163",2019,12,6.84653846153846,26,6.61952380952381,7.8,7.75,6.33333333333333,6.91347826086957,21,5,4,3,23,1423,926,497,168,351,1072,6.58356453267744,6.80318826133909,6.1743661971831,6.32375,6.62249857549858,6.57081653917911,223
"164",2020,1,6.45448275862069,29,6.784,5.72222222222222,6.33333333333333,6.5,6.4472,20,9,3,4,25,1452,946,506,171,355,1097,6.58098645316804,6.80278258985201,6.16632411067194,6.32391812865497,6.62111830985916,6.56799938924339,224
"165",2020,2,6.74,15,6.59166666666667,7.33333333333333,8,7.25,6.66153846153846,12,3,1,2,13,1467,958,509,172,357,1110,6.58261235855487,6.80013813152401,6.17320235756385,6.33366279069768,6.62464145658263,6.56909489189189,225
"166",2020,3,6.55,30,6.54761904761905,6.55555555555556,7,6.875,6.5,21,9,2,4,26,1497,979,518,174,361,1136,6.58195880427522,6.79472148110317,6.17984555984556,6.34132183908046,6.62741551246538,6.56751349471831,226
"167",2020,4,7.1695652173913,23,7.38421052631579,6.15,5.86666666666667,7.4,7.14761904761905,19,4,3,2,21,1520,998,522,177,363,1157,6.59085021710526,6.80594421843687,6.17961685823755,6.33327683615819,6.63167217630854,6.57804263612792,227
"168",2020,5,6.82555555555556,18,6.74,7.125,7,NA,6.82555555555556,14,4,2,0,18,1538,1012,526,179,363,1175,6.59359709362809,6.80503194664032,6.18680608365019,6.34072625698324,6.63167217630854,6.58183432340426,228
"169",2020,6,7.6,15,7.83333333333333,6.66666666666667,6,7.5,7.61538461538461,12,3,1,2,13,1553,1024,529,180,365,1188,6.60331766258854,6.81708235351562,6.18952741020794,6.33883333333333,6.6364301369863,6.59314421717172,229
"170",2020,7,6.2,15,6.30769230769231,5.5,NA,7.25,6.03846153846154,13,2,0,2,13,1568,1037,531,180,367,1201,6.59945939413265,6.81069655737705,6.18693032015066,6.33883333333333,6.63977384196185,6.5871401582015,230
"171",2020,8,6.5,17,6.70833333333333,6,6,7,6.43333333333333,12,5,2,2,15,1585,1049,536,182,369,1216,6.59839263722397,6.80952557673975,6.18518656716418,6.33510989010989,6.64172628726287,6.58524287006579,231
"172",2020,9,6.58421052631579,19,6.84,5.625,5.75,7.58333333333333,6.12307692307692,15,4,2,6,13,1604,1064,540,184,375,1229,6.5982246446384,6.80995519736842,6.18103703703704,6.32875,6.656792,6.58035421480879,232
"173",2020,10,6.14285714285714,21,6.71428571428571,5,5,7,5.94117647058824,14,7,1,4,17,1625,1078,547,185,379,1246,6.59233989538462,6.80871273654916,6.16592321755028,6.32156756756757,6.66041424802111,6.57163349117175,233
"174",2020,11,6.76923076923077,26,6.9,6.33333333333333,6,7,6.76,20,6,2,1,25,1651,1098,553,187,380,1271,6.59512557843731,6.81037552823315,6.16773960216998,6.31812834224599,6.66130789473684,6.57533857592447,234
"175",2020,12,6.68181818181818,33,6.95454545454545,6.13636363636364,6,6.16666666666667,6.7962962962963,22,11,3,6,27,1684,1120,564,190,386,1298,6.5968244239905,6.8132074375,6.16712765957447,6.3131052631579,6.65361917098446,6.57993476887519,235
"176",2021,1,6.74375,32,6.54347826086957,7.25555555555556,NA,6.6,6.77037037037037,23,9,0,5,27,1716,1143,573,190,391,1325,6.59956429487179,6.80777981627297,6.18422338568936,6.3131052631579,6.65293350383632,6.58381534339623,236
"177",2021,2,7.09523809523809,21,7.16666666666667,6.66666666666667,7,7.5,7.05263157894737,18,3,1,2,19,1737,1161,576,191,393,1344,6.60555689694876,6.81334395348837,6.18673611111111,6.31670157068063,6.65724427480916,6.59044295386905,237
"178",2021,3,6.90368,25,7.037,6.66666666666667,4,7.69733333333333,6.79545454545455,16,9,1,3,22,1762,1177,585,192,396,1366,6.60978679341657,6.8163843075616,6.19411965811966,6.30463541666667,6.66512373737374,6.5937447510981,238
"179",2021,4,6.775,16,6.86666666666667,6.5,NA,6,6.95384615384615,12,4,0,3,13,1778,1189,589,192,399,1379,6.6112735264342,6.81689178301093,6.19619694397284,6.30463541666667,6.66012280701755,6.59713947063089,239
"180",2021,5,5.85333333333333,15,6,5.26666666666667,NA,6.26666666666667,5.75,12,3,0,3,12,1793,1201,592,192,402,1391,6.6049326993865,6.80872966694421,6.19148648648649,6.30463541666667,6.65718656716418,6.58983129403307,240
"181",2021,6,7.27272727272727,22,7.46153846153846,7,8,7.5,7.22222222222222,13,9,1,4,18,1815,1214,601,193,406,1409,6.61302717906336,6.81572020593081,6.20359400998336,6.31341968911917,6.66549014778325,6.59791009936125,241
"182",2021,7,6.28947368421053,19,6.38461538461539,6.08333333333333,NA,6.33333333333333,6.26923076923077,13,6,0,6,13,1834,1227,607,193,412,1422,6.60967520719738,6.81115267318663,6.20240527182867,6.31341968911917,6.66065291262136,6.59490529535865,242
"183",2021,8,6.43333346153846,26,6.67719315789474,5.77142857142857,6.33333333333333,6.44285714285714,6.42982473684211,19,7,3,7,19,1860,1246,614,196,419,1441,6.60721021505376,6.80910995184591,6.19749185667753,6.31372448979592,6.65701431980907,6.59272866065233,243
"184",2021,9,6.92307692307692,26,7.25,6.4,6.25,7.33333333333333,6.8695652173913,16,10,4,3,23,1886,1262,624,200,422,1464,6.61156468716861,6.81469968304279,6.20073717948718,6.31245,6.66182227488152,6.59707786885246,244
"185",2021,10,5.66923076923077,13,6.07,4.33333333333333,6,5.2,5.9625,10,3,2,5,8,1899,1272,627,202,427,1472,6.60511374407583,6.80884512578616,6.19180223285487,6.30935643564357,6.64470491803279,6.59362907608696,245
"186",2021,11,6.67962944444444,18,6.53846153846154,7.046666,7.116665,7.5,6.577083125,13,5,2,2,16,1917,1285,632,204,429,1488,6.60581342201356,6.80610972762646,6.19856539556962,6.3172712254902,6.64869230769231,6.59345116263441,246
"187",2021,12,6.38975,40,6.63535714285714,5.81666666666667,4.75,7.16666666666667,6.25264705882353,28,12,2,6,34,1957,1313,644,206,435,1522,6.60139720490547,6.80246839299314,6.19144927018634,6.302055,6.6558367816092,6.5858379303548,247
"188",2022,1,6.62040816326531,49,6.66857142857143,6.5,5.5,6,6.69090909090909,35,14,4,5,44,2006,1348,658,210,440,1566,6.60186158025922,6.79899183976261,6.19801417933131,6.28677776190476,6.64838409090909,6.58879012132823,248
"189",2022,2,6.54761904761905,21,6.53846153846154,6.5625,6.5,7,6.525,13,8,2,1,20,2027,1361,666,212,441,1586,6.60129962012827,6.79650330639236,6.20239238738739,6.28878929245283,6.64918140589569,6.58798570617907,249
"190",2022,3,6.845,20,6.78823529411765,7.16666666666667,6,7.25,6.71,17,3,1,5,15,2047,1378,669,213,446,1601,6.60368066927211,6.79640130624093,6.20671648729447,6.28743347417841,6.65591704035875,6.58912887570269,250
"191",2022,4,6.54545454545455,22,6.69230769230769,6.33333333333333,5,7.125,6.41666666666667,13,9,1,4,18,2069,1391,678,214,450,1619,6.60306154180764,6.79542846872753,6.20839724188791,6.28141742990654,6.66008666666667,6.58721144533663,251
"192",2022,5,6.86764705882353,17,6.94642857142857,6.5,NA,7.625,6.76666666666667,14,3,0,2,15,2086,1405,681,214,452,1634,6.60521779961649,6.79693309608541,6.20968183553598,6.28141742990654,6.66435619469027,6.58885883108935,252
"193",2022,6,6.49565217391304,23,6.52222222222222,6.4,6,7,6.47272727272727,18,5,1,1,22,2109,1423,686,215,453,1656,6.60402291607397,6.79345818692902,6.2110689941691,6.28010851162791,6.66509713024283,6.5873160205314,253
"194",2022,7,6.56235294117647,17,6.79666666666667,6,NA,6.5,6.57066666666667,12,5,0,2,15,2126,1435,691,215,455,1671,6.6036897130762,6.7934850174216,6.20954172214182,6.28010851162791,6.66437142857143,6.58716656493118,254
"195",2022,8,6.68214285714286,28,7.02777777777778,6.06,4.86666666666667,6.3,6.76521739130435,18,10,3,5,23,2154,1453,701,218,460,1694,6.60470953110492,6.79638747419133,6.2074084593438,6.26065747706422,6.66041086956522,6.58958402007084,255
"196",2022,9,6.6926,15,7.03536363636364,5.75,NA,6.963,6.625,11,4,0,3,12,2169,1464,705,218,463,1706,6.60531734900876,6.79818306010929,6.20481323404255,6.26065747706422,6.66237149028078,6.58983313599062,256
"197",2022,10,6.8347619047619,21,7.10714285714286,6.29,4.03,5.83333333333333,7.00166666666667,14,7,1,3,18,2190,1478,712,219,466,1724,6.6075175022831,6.80110960757781,6.20565074438202,6.25047182648402,6.65703433476395,6.59413302204176,257
"198",2022,11,6.62692307692308,26,7,5.7875,4.15,3.3,6.76,18,8,2,1,25,2216,1496,720,221,467,1749,6.60774518501805,6.80350267379679,6.201004625,6.23146303167421,6.64984582441114,6.59650390508862,258
"199",2022,12,6.7258064516129,31,6.64285714285714,7.5,NA,7.21428571428571,6.58333333333333,28,3,0,7,24,2247,1524,723,221,474,1773,6.60937397863818,6.80055118110236,6.20639464730291,6.23146303167421,6.65818143459916,6.59632562323745,259
